news cascades size:314 
train size:62
test and valid size:252

[ Epoch 0 ]
timestamps.size():
torch.Size([315, 200])
user_hgnn_out_size:
torch.Size([28050, 64])
torch.Size([32])
seq[data_idx]_size:
torch.Size([32, 200])
timestamps:
tensor([[   0,    0,    0,  ...,    0,    0,    0],
        [ 517,  517,  523,  ..., 1841, 1841, 1841],
        [1489, 1621, 1827,  ...,    0,    0,    0],
        ...,
        [3477, 3477, 3477,  ...,    0,    0,    0],
        [3030, 3030, 3030,  ...,    0,    0,    0],
        [3560, 3560, 3560,  ...,    0,    0,    0]])
tensor([0, 0, 0, 0, 0, 0, 0, 0, 0, 0, 0, 0, 0, 0, 0, 0, 0, 0, 0, 0, 0, 0, 0, 0,
        0, 0, 0, 0, 0, 0, 0, 0, 0, 0, 0, 0, 0, 0, 0, 0, 0, 0, 0, 0, 0, 0, 0, 0,
        0, 0, 0, 0, 0, 0, 0, 0, 0, 0, 0, 0, 0, 0, 0, 0, 0, 0, 0, 0, 0, 0, 0, 0,
        0, 0, 0, 0, 0, 0, 0, 0, 0, 0, 0, 0, 0, 0, 0, 0, 0, 0, 0, 0, 0, 0, 0, 0,
        0, 0, 0, 0, 0, 0, 0, 0, 0, 0, 0, 0, 0, 0, 0, 0, 0, 0, 0, 0, 0, 0, 0, 0,
        0, 0, 0, 0, 0, 0, 0, 0, 0, 0, 0, 0, 0, 0, 0, 0, 0, 0, 0, 0, 0, 0, 0, 0,
        0, 0, 0, 0, 0, 0, 0, 0, 0, 0, 0, 0, 0, 0, 0, 0, 0, 0, 0, 0, 0, 0, 0, 0,
        0, 0, 0, 0, 0, 0, 0, 0, 0, 0, 0, 0, 0, 0, 0, 0, 0, 0, 0, 0, 0, 0, 0, 0,
        0, 0, 0, 0, 0, 0, 0, 0])
tensor([ 517,  517,  523,  534,  534,  549,  549,  901,  901,  901,  901,  901,
         901,  901,  901,  902,  902,  902,  902,  903,  903,  904,  904,  906,
         907,  916,  929,  933,  984,  984, 1060, 1229, 1260, 1260, 1260, 1260,
        1260, 1266, 1266, 1266, 1266, 1266, 1266, 1266, 1266, 1266, 1266, 1266,
        1266, 1266, 1270, 1271, 1272, 1272, 1273, 1273, 1281, 1281, 1281, 1297,
        1319, 1322, 1430, 1434, 1447, 1477, 1491, 1636, 1636, 1636, 1636, 1636,
        1636, 1636, 1636, 1636, 1636, 1636, 1636, 1636, 1636, 1636, 1636, 1636,
        1636, 1636, 1636, 1636, 1636, 1636, 1636, 1636, 1636, 1636, 1636, 1636,
        1636, 1636, 1636, 1636, 1636, 1636, 1636, 1637, 1637, 1637, 1637, 1637,
        1637, 1638, 1638, 1638, 1638, 1638, 1638, 1639, 1639, 1639, 1639, 1639,
        1642, 1642, 1642, 1642, 1642, 1642, 1645, 1645, 1645, 1645, 1645, 1649,
        1657, 1663, 1695, 1713, 1749, 1749, 1752, 1753, 1754, 1754, 1756, 1799,
        1800, 1822, 1829, 1831, 1836, 1839, 1839, 1839, 1839, 1839, 1839, 1839,
        1839, 1839, 1839, 1839, 1839, 1839, 1839, 1839, 1839, 1839, 1839, 1840,
        1840, 1840, 1840, 1840, 1840, 1840, 1840, 1840, 1840, 1840, 1840, 1840,
        1840, 1840, 1840, 1840, 1840, 1840, 1840, 1840, 1840, 1840, 1840, 1840,
        1840, 1840, 1840, 1840, 1841, 1841, 1841, 1841])
tensor([1489, 1621, 1827, 1827, 1827, 1846, 1852, 1853, 1855, 1855, 1855, 1855,
        1856, 1856, 1856, 1856,    0,    0,    0,    0,    0,    0,    0,    0,
           0,    0,    0,    0,    0,    0,    0,    0,    0,    0,    0,    0,
           0,    0,    0,    0,    0,    0,    0,    0,    0,    0,    0,    0,
           0,    0,    0,    0,    0,    0,    0,    0,    0,    0,    0,    0,
           0,    0,    0,    0,    0,    0,    0,    0,    0,    0,    0,    0,
           0,    0,    0,    0,    0,    0,    0,    0,    0,    0,    0,    0,
           0,    0,    0,    0,    0,    0,    0,    0,    0,    0,    0,    0,
           0,    0,    0,    0,    0,    0,    0,    0,    0,    0,    0,    0,
           0,    0,    0,    0,    0,    0,    0,    0,    0,    0,    0,    0,
           0,    0,    0,    0,    0,    0,    0,    0,    0,    0,    0,    0,
           0,    0,    0,    0,    0,    0,    0,    0,    0,    0,    0,    0,
           0,    0,    0,    0,    0,    0,    0,    0,    0,    0,    0,    0,
           0,    0,    0,    0,    0,    0,    0,    0,    0,    0,    0,    0,
           0,    0,    0,    0,    0,    0,    0,    0,    0,    0,    0,    0,
           0,    0,    0,    0,    0,    0,    0,    0,    0,    0,    0,    0,
           0,    0,    0,    0,    0,    0,    0,    0])
timestamps[data_idx].size():
torch.Size([32, 200])
global_time[data_idx]:
Traceback (most recent call last):
  File "d:\Users\admin\Desktop\Code\HG-SL-main\run.py", line 179, in <module>
    train_model(model, opt.data_name)
  File "d:\Users\admin\Desktop\Code\HG-SL-main\run.py", line 121, in train_model
    train_loss = train_epoch(model, train_data, hypergraph_list, optimizer)
                 ^^^^^^^^^^^^^^^^^^^^^^^^^^^^^^^^^^^^^^^^^^^^^^^^^^^^^^^^^^
  File "d:\Users\admin\Desktop\Code\HG-SL-main\run.py", line 62, in train_epoch
    pred= model(tgt, hypergraph_list)
          ^^^^^^^^^^^^^^^^^^^^^^^^^^^
  File "C:\Users\admin\AppData\Roaming\Python\Python311\site-packages\torch\nn\modules\module.py", line 1511, in _wrapped_call_impl
    return self._call_impl(*args, **kwargs)
           ^^^^^^^^^^^^^^^^^^^^^^^^^^^^^^^^
  File "C:\Users\admin\AppData\Roaming\Python\Python311\site-packages\torch\nn\modules\module.py", line 1520, in _call_impl
    return forward_call(*args, **kwargs)
           ^^^^^^^^^^^^^^^^^^^^^^^^^^^^^
  File "d:\Users\admin\Desktop\Code\HG-SL-main\HGSL.py", line 126, in forward
    print(global_time[data_idx])
          ~~~~~~~~~~~^^^^^^^^^^
IndexError: index 274 is out of bounds for dimension 0 with size 32